16x16
4x4
9 10 11 12 16 15 14 13 4 1 3 2 6 7 5 8
1 2 3 4 8 7 6 5 12 9 11 10 14 15 13 16
5 6 7 8 12 11 10 9 16 13 15 14 2 3 1 4
13 14 15 16 4 3 2 1 8 5 7 6 10 11 9 12
10 11 12 13 1 16 15 14 5 2 4 3 7 8 6 9
6 7 8 9 13 12 11 10 1 14 16 15 3 4 2 5
14 15 16 1 5 4 3 2 9 6 8 7 11 12 10 13
2 3 4 5 9 8 7 6 13 10 12 11 15 16 14 1
15 16 1 2 6 5 4 3 10 7 9 8 12 13 11 14
11 12 13 14 2 1 16 15 6 3 5 4 8 9 7 10
7 8 9 10 14 13 12 11 2 15 1 16 4 5 3 6
3 4 5 6 10 9 8 7 14 11 13 12 16 1 15 2
16 1 2 3 7 6 5 4 11 8 10 9 13 14 12 15
12 13 14 15 3 2 1 16 7 4 6 5 9 10 8 11
4 5 6 7 11 10 9 8 15 12 14 13 1 2 16 3
8 9 10 11 15 14 13 12 3 16 2 1 5 6 4 7